1st RUN

| Matrix_Size |  K | **Naive_Time_ms (256 run)** | **SIMD256_Time_ms** | **SIMD256_Speedup** | **Naive_Time_ms (128 run)** | **SIMD128_Time_ms** | **SIMD128_Speedup** |
| ----------: | -: | --------------------------: | ------------------: | ------------------: | --------------------------: | ------------------: | ------------------: |
|         512 |  3 |                       1.752 |               0.307 |                5.71 |                       1.677 |               0.364 |                4.61 |
|         512 |  5 |                       3.837 |               0.579 |                6.63 |                       4.334 |               1.449 |                2.99 |
|        1024 |  3 |                       6.752 |               1.297 |                5.21 |                       6.776 |               1.384 |                4.90 |
|        1024 |  5 |                      14.893 |               2.315 |                6.43 |                      15.016 |               3.630 |                4.14 |
|        2048 |  3 |                      28.778 |               4.368 |                6.59 |                      28.195 |               7.713 |                3.66 |
|        2048 |  5 |                      65.214 |              10.694 |                6.10 |                      60.465 |              14.980 |                4.04 |
|        4096 |  3 |                     118.662 |              15.965 |                7.43 |                     108.367 |              21.207 |                5.11 |
|        4096 |  5 |                     242.911 |              37.018 |                6.56 |                     237.860 |              57.858 |                4.11 |
|        8192 |  3 |                     427.808 |              63.781 |                6.71 |                     426.093 |              85.574 |                4.98 |
|        8192 |  5 |                     948.531 |             149.801 |                6.33 |                     949.902 |             230.442 |                4.12 |

2nd RUN

| Matrix_Size |  K | Naive_Time_ms (256 run) | SIMD256_Time_ms | SIMD256_Speedup | Naive_Time_ms (128 run) | SIMD128_Time_ms | SIMD128_Speedup |
| ----------: | -: | ----------------------: | --------------: | --------------: | ----------------------: | --------------: | --------------: |
|         512 |  3 |                   1.853 |           0.215 |            8.62 |                   1.686 |           0.334 |            5.05 |
|         512 |  5 |                   4.181 |           0.578 |            7.23 |                   3.797 |           0.926 |            4.10 |
|        1024 |  3 |                   6.689 |           0.987 |            6.78 |                   6.693 |           1.325 |            5.05 |
|        1024 |  5 |                  14.790 |           2.316 |            6.39 |                  14.793 |           3.605 |            4.10 |
|        2048 |  3 |                  26.597 |           4.028 |            6.60 |                  26.627 |           5.407 |            4.92 |
|        2048 |  5 |                  59.295 |          22.357 |            2.65 |                  64.381 |          15.000 |            4.29 |
|        4096 |  3 |                 116.807 |          17.912 |            6.52 |                 112.811 |          21.285 |            5.30 |
|        4096 |  5 |                 240.984 |          37.067 |            6.50 |                 239.036 |          57.801 |            4.14 |
|        8192 |  3 |                 445.633 |          64.265 |            6.93 |                 428.488 |          85.499 |            5.01 |
|        8192 |  5 |                 949.971 |         148.678 |            6.39 |                 948.040 |         230.457 |            4.11 |


3rd RUN

| Matrix_Size |  K | Naive_Time_ms (256 run) | SIMD256_Time_ms | SIMD256_Speedup | Naive_Time_ms (128 run) | SIMD128_Time_ms | SIMD128_Speedup |
| ----------: | -: | ----------------------: | --------------: | --------------: | ----------------------: | --------------: | --------------: |
|         512 |  3 |                   1.704 |           0.214 |            7.96 |                   1.715 |           0.398 |            4.31 |
|         512 |  5 |                   3.743 |           0.584 |            6.41 |                   3.894 |           0.913 |            4.27 |
|        1024 |  3 |                   6.672 |           0.981 |            6.80 |                   6.955 |           1.761 |            3.95 |
|        1024 |  5 |                  14.917 |           2.321 |            6.43 |                  15.334 |           3.608 |            4.25 |
|        2048 |  3 |                  30.958 |           6.042 |            5.12 |                  28.670 |           5.486 |            5.23 |
|        2048 |  5 |                  61.227 |          14.324 |            4.27 |                  61.651 |          20.734 |            2.97 |
|        4096 |  3 |                 115.407 |          18.423 |            6.26 |                 109.630 |          21.217 |            5.17 |
|        4096 |  5 |                 240.288 |          52.517 |            4.58 |                 237.509 |          57.534 |            4.13 |
|        8192 |  3 |                 481.974 |          65.160 |            7.40 |                 487.074 |         109.818 |            4.44 |
|        8192 |  5 |                 955.608 |         151.953 |            6.29 |                 952.208 |         232.320 |            4.10 |


4th RUN

| Matrix_Size |  K | Naive_Time_ms (256 run) | SIMD256_Time_ms | SIMD256_Speedup | Naive_Time_ms (128 run) | SIMD128_Time_ms | SIMD128_Speedup |
| ----------: | -: | ----------------------: | --------------: | --------------: | ----------------------: | --------------: | --------------: |
|         512 |  3 |                   2.424 |           0.334 |            7.26 |                   1.687 |           0.465 |            3.63 |
|         512 |  5 |                   4.519 |           0.756 |            5.98 |                   3.702 |           0.905 |            4.09 |
|        1024 |  3 |                   6.658 |           0.990 |            6.73 |                   6.648 |           1.316 |            5.05 |
|        1024 |  5 |                  14.793 |           2.316 |            6.39 |                  15.023 |           4.041 |            3.72 |
|        2048 |  3 |                  32.267 |           5.221 |            6.18 |                  26.626 |           5.482 |            4.86 |
|        2048 |  5 |                  64.989 |          12.449 |            5.22 |                  61.345 |          19.216 |            3.19 |
|        4096 |  3 |                 109.393 |          15.761 |            6.94 |                 123.257 |          21.935 |            5.62 |
|        4096 |  5 |                 238.240 |          37.875 |            6.29 |                 238.248 |          57.711 |            4.13 |
|        8192 |  3 |                 432.656 |          71.542 |            6.05 |                 453.454 |          91.541 |            4.95 |
|        8192 |  5 |                 952.641 |         150.792 |            6.32 |                 950.382 |         231.370 |            4.11 |


5th RUN

| Matrix_Size |  K | Naive_Time_ms (256 run) | SIMD256_Time_ms | SIMD256_Speedup | Naive_Time_ms (128 run) | SIMD128_Time_ms | SIMD128_Speedup |
| ----------: | -: | ----------------------: | --------------: | --------------: | ----------------------: | --------------: | --------------: |
|         512 |  3 |                   2.056 |           0.214 |            9.61 |                   1.685 |           0.329 |            5.12 |
|         512 |  5 |                   3.727 |           0.577 |            6.46 |                   3.706 |           0.903 |            4.10 |
|        1024 |  3 |                   6.680 |           0.980 |            6.82 |                   6.652 |           1.329 |            5.01 |
|        1024 |  5 |                  14.814 |           2.325 |            6.37 |                  14.878 |           3.604 |            4.13 |
|        2048 |  3 |                  26.604 |           4.054 |            6.56 |                  26.856 |           8.545 |            3.14 |
|        2048 |  5 |                  62.855 |          12.356 |            5.09 |                  64.071 |          17.933 |            3.57 |
|        4096 |  3 |                 111.653 |          23.652 |            4.72 |                 115.633 |          21.214 |            5.45 |
|        4096 |  5 |                 237.149 |          37.003 |            6.41 |                 236.869 |          57.588 |            4.11 |
|        8192 |  3 |                 427.572 |          65.755 |            6.50 |                 427.235 |          97.725 |            4.37 |
|        8192 |  5 |                 955.219 |         180.154 |            5.30 |                 950.110 |         231.395 |            4.11 |


AVG VALUES

| Matrix Size |  K | Avg Naive (256) ms | Avg SIMD256 ms | Avg SIMD256 Speedup | Avg Naive (128) ms | Avg SIMD128 ms | Avg SIMD128 Speedup |
| ----------: | -: | -----------------: | -------------: | ------------------: | -----------------: | -------------: | ------------------: |
|         512 |  3 |              1.958 |          0.257 |           **7.83×** |              1.690 |          0.378 |           **4.54×** |
|         512 |  5 |              4.001 |          0.615 |           **6.54×** |              3.887 |          1.019 |           **3.91×** |
|        1024 |  3 |              6.690 |          1.047 |           **6.47×** |              6.745 |          1.423 |           **4.79×** |
|        1024 |  5 |             14.841 |          2.319 |           **6.40×** |             15.009 |          3.698 |           **4.07×** |
|        2048 |  3 |             29.041 |          4.743 |           **6.21×** |             27.395 |          6.527 |           **4.36×** |
|        2048 |  5 |             62.716 |         14.436 |           **4.67×** |             62.383 |         17.573 |           **3.61×** |
|        4096 |  3 |            114.384 |         18.343 |           **6.37×** |            113.940 |         21.372 |           **5.33×** |
|        4096 |  5 |            239.914 |         40.296 |           **6.07×** |            237.904 |         57.698 |           **4.12×** |
|        8192 |  3 |            443.129 |         66.101 |           **6.72×** |            444.469 |         94.031 |           **4.75×** |
|        8192 |  5 |            952.394 |        156.276 |           **6.13×** |            950.128 |        231.197 |           **4.11×** |
